0.5000032107980524
0.4105018612180382
2.360736469593178E-13
2.360720294308537E-13
2.360704118576137E-13
2.1046550996197996E-13
2.360680685412642E-13
1.358821746736501E-13
4.4988747763433515E-12
2.360584261064445E-13
2.360568087448086E-13
9.859286802736388E-13
0.9999990921482333
0.33072926240136813
0.09740267039599568
1.3269501003480975E-8
3.6589226750676055E-9
3.5628319150059555E-8
9.813737097563616E-9
3.208427241669839E-11
1.9520823817153833E-8
8.318798979580761E-8
0.9999146360434557
0.4590119894989546
0.4626789535327719
9.962933327040556E-9
9.143008112879861E-8
9.881825201185483E-9
2.6564535947214076E-8
2.047646597633804E-9
0.9964331187948336
1.0752526610758465E-8
0.9995493726543201
0.004497948254017737
7.423404065436092E-5
2.8369714558587945E-7
0.9670402382495235
0.07855480137024919
0.6589504730628839
5.551659636261463E-6
5.303283494101586E-6
8.909436681810441E-5
1.4768545063642644E-4
6.693963065356436E-7
3.162067953125778E-5
3.82520144961657E-7
3.5227395666047867E-7
2.2048297039403046E-7
8.151067248792429E-5
0.9774602217048456
0.9692207912638796
2.5345564619186976E-6
8.335930885774004E-4
0.9993165865429381
0.13940301720294127
1.2662341237980057E-6
0.969445711741989
0.010802084695115698
1.4158119714719117E-6
3.865739763156868E-6
1.9431080963251533E-4
1.2679407159511765E-6
1.3208489627146325E-4
0.9955464708328419
8.664263979792107E-8
0.7892460956929261
0.001957885268183752
6.244384475016626E-4
0.9712126596411208
0.8196760115931375
0.8684049523751404
0.8360481159059442
0.029316094410116688
4.8577665906114E-4
0.9755891652897771
0.7648742039621612
0.874981812050586
3.0268039319316736E-8
2.921648150237755E-6
0.9542408016418416
0.027986801444573158
0.9690511782677362
0.7296048416364423
0.727182224812269
0.8060658494024849
0.0015338887385632708
1.279000760769017E-4
4.085099159620562E-4
0.9619772925278364
0.8041208276289324
0.006428603336408389
0.9582148130536239
0.8166945992433519
0.017497153075588134
6.626294407332947E-4
4.5262191970622986E-5
0.9741993963844955
0.7984606914444887
0.00953640353561605
0.9586155978968747
0.8924113002835745
0.830727563684417
0.7646113893881419
0.024113208734454033
5.394395887367424E-4
3.307535883388609E-5
0.977789653887126
0.7710682461157197
0.8717951032729608
0.900758386459809
0.030086079301165306
4.470300216416176E-4
2.0942002194458199E-4
1.411929890540914E-4
1.0212881756249762E-4
9.48855108697917E-5
9.267907082577393E-6
6.938797024581628E-5
4.539253368956963E-5
4.617249422790896E-5
7.166982251835991E-6
6.8288854188507E-6
6.514621396322431E-6
2.8365394401204194E-5
2.9960310245107122E-5
0.9939562607483492
0.8629738054924267
0.001847140818870489
6.176190114382926E-4
0.9932941169343892
1.5806127027281394E-7
1.7376711668749362E-7
8.721597320236029E-7
0.9022676380301848
8.023735313575339E-4
0.7650857665793145
0.9891735001396345
1.8918616636975664E-4
4.896070058462417E-4
2.2579002356405485E-5
5.9382384348282884E-5
1.583950781282558E-5
1.250062505487723E-4
9.047682921941756E-5
0.9931117617070033
0.017972493154810743
0.9727731324263303
0.003602450445927735
2.7710631687339726E-4
4.223957445242038E-4
3.092956591896928E-4
0.9804406047446367
0.5301089718000916
0.0029636368561140125
8.109441085234961E-4
4.375272357197656E-4
6.645159700613189E-4
3.8382981562117035E-4
1.180668536329854E-4
2.845584192459739E-4
4.168433561324835E-5
0.9669440526620638
0.9778932801313605
0.004249531560937673
9.950468652343359E-4
3.99885969842876E-4
0.7866031772306673
0.9627106887221543
1.0196105503298972E-4
1.0750266779528106E-4
7.906502072915562E-5
6.0722686335125694E-5
1.4332723906705901E-4
3.373048003180579E-5
0.9923011079430101
0.6004530446211288
0.00211308117002249
5.999011361357459E-4
9.807658320215373E-5
0.7020256736303296
0.938828270831522
8.199662432699554E-5
6.278544408228618E-5
4.971127691742047E-5
4.0393242857131436E-5
3.350852073253484E-5
0.9917249665034629
0.7997704170654056
0.0020447109572202015
0.9385808433698892
0.018790604446051868
0.9688065310819323
0.011115154561654055
0.9645580872365551
0.8341207899460865
0.38251912195989946
2.5795417190594683E-7
0.9991869110057332
0.8902447896835923
8.683132022718055E-7
8.44766624925664E-7
8.221760927820525E-7
8.00490428338994E-7
0.9986169281742419
0.7248585881870669
0.841006159475945
3.3839383157742187E-4
0.9136911128886556
1.9513575127849678E-4
0.98254260744186
0.9156922927078281
0.006736163480337043
0.9287356742441465
0.302824137663639
0.9991149548225877
0.03649280969886
6.561516618481595E-5
2.1507865443616707E-4
0.9574938809733282
0.9970662616276829
0.0017096623430275023
0.0010843101620173364
6.643721447979424E-4
1.8894917294071597E-4
0.73778742790491
3.257359707898677E-7
0.8000102008645182
3.7132979980603064E-5
3.924168899971079E-4
3.5415217597528584E-5
0.5837747230346639
0.8067309862492869
0.9917694590565435
0.6204709861596268
0.9236421679335926
0.9703198871041974
0.035844965374686094
0.979586786762888
0.8279907098189485
0.863874848413736
0.7234246927752976
0.0434959012262495
1.524536895714752E-4
1.827953620359946E-5
1.960915211100602E-5
8.344386093834197E-5
6.428628353659519E-5
1.0929015014781407E-5
0.9527723909069286
0.9369836471057634
0.001844261202965832
1.0152320124697747E-4
0.9722090563829577
0.003115896982678125
0.879119910121586
0.003529290669265376
0.0033762175171997604
0.9650922889211258
0.9226749336701736
0.02103622548062595
3.6253870724162364E-4
2.0330542195004422E-4
1.3152477061501448E-4
9.254920197747194E-5
6.88727827778916E-5
5.335403629047206E-5
4.2604480882879524E-5
3.483822186370683E-5
5.664693529054451E-6
2.7026058481900205E-5
2.3017623470746205E-5
3.89363656359193E-6
1.8698524649688555E-5
1.6358926159356867E-5
1.4435735336259638E-5
0.9948363358302366
0.5719469075427891
0.0012700271248253024
0.9599520755143974
0.9836245451925466
0.017282865267960888
0.9700073284786166
8.564756354053584E-4
0.9194848120826392
0.6196002141480428
0.03780691185787656
2.048822342981612E-5
8.553581020970046E-5
7.145049819317324E-5
0.9676676319567423
5.7463016675871135E-5
4.572389111743987E-5
1.87316450694831E-5
3.283772280166711E-5
0.9914652956545769
0.9370993146314939
0.7818897636106669
0.6609225824560221
8.998217430775816E-4
3.691573414860304E-4
2.086097708644117E-4
1.3624451036478813E-4
0.9190698754076302
0.9387572376377462
0.0019327342467257082
5.247644688389209E-4
2.625004400170396E-4
0.890966281244282
0.7701868161227038
0.9487795332657553
0.8560076710332063
0.029619020109322276
2.5290907753768797E-4
0.9819851488915946
0.7800398038208094
0.009071278937143391
5.917130001340654E-4
2.840482099880756E-4
0.9808696564958247
0.8451357566068528
0.009643533212362129
0.9659629076708481
0.8946685060059523
0.02044854654958254
3.718174157898015E-4
3.8995482111251313E-5
0.9814482419624528
0.11822551208066864
5.49204992701788E-7
0.9929527989026508
0.009904040771221092
0.9189089606852459
0.9417572661689093
0.8743475182511959
0.9511678192220532
0.034416111768365544
2.0849769464571522E-4
1.3415163648915538E-4
9.407199795446207E-5
0.9881663924666826
0.5521088030517145
0.005154137740953423
7.695172427768898E-4
3.9675995266632647E-4
2.537468243630762E-4
0.9736681848470771
0.9828197476013891
0.0073983678408546935
6.211931595432827E-4
2.9321782900775385E-4
0.9803478200234826
0.9385236680140769
0.009748553245599033
5.77985816408719E-4
0.009454754905747653
0.9944445880294044
0.6544842690192261
0.7615644569592679
0.9897140251724282
4.222845859393262E-4
2.2646549981345098E-4
1.4310141469526372E-4
9.922651268521019E-5
0.9297396042447624
0.7158270419848329
0.05018394793841449
3.08927587750134E-6
1.499389355641474E-5
2.7460684493420667E-6
2.653641861933622E-6
2.566001149498048E-6
2.482810623946005E-6
1.2040838537832093E-5
1.1182028100089247E-5
2.089076717886205E-6
0.43546232400083096
0.49006930106404534
0.9829225049855773
0.3794397219127317
0.4798210738494586
7.478678053294494E-8
7.436027325687642E-8
7.393757757078118E-8
7.351864653709491E-8
0.9967000393748118
4.092015408605145E-4
0.0033041990294090605
0.9998395758511984
2.8683173333412626E-4
0.9814069285052662
0.5366092324200042
4.974220448569019E-4
3.240672228386177E-4
2.2947646344441942E-4
1.7167072321896124E-4
1.335693364314904E-4
1.0704656591108215E-4
8.780204531715653E-5
7.337474216003931E-5
0.9843355296518501
0.9962010269762089
0.002156895361368034
5.458161416564106E-4
2.6952207418509146E-4
1.6360974390684105E-4
0.1492074170702574
0.020030402403754765
0.640513711979915
3.994609223629189E-8
3.974817496425128E-8
3.9551835338831476E-8
1.959258067968177E-7
3.8921011397623155E-8
3.873123931647797E-8
3.854295628114529E-8
3.835614626223724E-8
3.817079344821387E-8
0.9977124243624007
0.5204035183742355
6.928745552175565E-5
2.7159296451953154E-4
0.8625889893877821
0.9942530774565448
1.472847494898749E-4
1.0163223552523735E-4
7.463478372376381E-5
5.7268392090824145E-5
4.5405251356702335E-5
0.9245620133002195
0.7785471924528218
0.6036733368225808
8.097517531840298E-7
0.7061240728520721
0.9671558223433421
0.028057760501484893
0.9677410624787363
0.9802346357000549
0.93676915311775
0.010027562941495103
5.723251886203593E-4
2.777645915138464E-4
1.6719459781110174E-4
0.9849312709796914
0.6252653938234476
0.0071843079216064075
6.376296529826708E-4
3.061420160367208E-4
1.8581318311922492E-4
1.2702441090233272E-4
9.343099840383136E-5
7.223121306100319E-5
5.789356454074904E-5
0.06807763821428803
0.046678835323612666
1.6464570037301877E-4
1.2517126444679976E-4
9.88580151312378E-5
8.033373115884856E-5
6.674219106766816E-5
5.644108068261522E-5
0.9868928790236264
0.9761564447546209
0.8815025400850964
0.9424767422816531
0.005271195116109427
6.39661447515424E-4
2.9819331374397637E-4
1.762936694061747E-4
1.1746894117916498E-4
8.425319880099548E-5
0.8564163078263629
0.03392896290565853
0.001504349745363696
0.9868261576284107
2.532741700529398E-4
0.944705367467993
0.7958045717851675
0.004315444090075415
6.34873805770117E-4
0.7140030479675675
0.0026633008069874083
0.8795581020338487
2.2239100102518734E-5
0.974703787997824
2.2543744763851354E-6
3.4189152387491793E-4
0.02394309131784557
0.9716295696440798
0.018148774422969288
2.157194360592941E-5
1.8748735050713738E-5
1.6456006267389236E-5
1.4567868790585348E-5
1.299382691100874E-5
1.1667439298732028E-5
1.0539012935005408E-5
9.57076676873281E-6
0.9951192571252605
0.8296884121258875
8.160658412368758E-4
3.457256233552767E-4
1.9657071889676842E-4
1.281619218143059E-4
9.065405116492094E-5
0.9878588817607892
0.7944551666713019
0.004845574484756746
6.392131102716112E-4
2.9826133105455434E-4
1.7647873958703353E-4
1.1769432359488952E-4
8.449499365107778E-5
6.379739638811959E-5
4.997720324197982E-5
4.026934838365899E-5
0.9911802817664761
7.213376184386933E-6
0.8297925061142646
0.002691939758066511
0.9658214708024551
0.7997296101012648
0.0016988039002823355
0.0219865479488237
3.490869502529433E-4
1.984164123466938E-4
1.2948074959338242E-4
9.173063376399363E-5
0.9870753566410919
6.76604680756883E-4
0.9217606629253923
0.004884345048831818
6.391775648838664E-4
2.981162518536073E-4
1.7631056867400006E-4
0.9843305000537232
0.7618469512406769
0.00739723634515444
0.001318804510224737
0.0010737943154385998
4.033525492291495E-4
2.2002956768579575E-4
1.4049102102474493E-4
0.9846447312099325
0.9004084161985695
0.006413638553085866
6.330839415334506E-4
0.9754965152489523
0.03807548610144669
9.020706358795415E-7
1.7609493337127346E-4
0.9839481340286775
0.014302247859505623
4.8437736354066976E-4
0.9767140766938138
0.8828658362445202
0.012463007992071342
5.216254828590951E-4
0.9092222314439642
0.7638638957032517
0.0031726527761829436
6.070226027883835E-4
2.888075459436506E-4
1.7240829990727984E-4
1.1560277517485758E-4
8.331044171590737E-5
0.9879024222290326
0.011753751743211272
5.377702663881517E-4
0.975571835656657
0.004803206758662646
6.391208712897012E-4
2.983058189494378E-4
0.9805158345668494
7.481747114142626E-5
0.8627746835088459
0.009896839378161788
5.750984500022003E-4
2.787124705091828E-4
1.6768398108204407E-4
0.9845910230874829
0.7740192549728002
0.8864192119895803
0.8542146323995272
0.0364010398683146
1.9307370439395206E-4
0.9268917033122053
0.031185896838332467
0.9761492245076374
0.0025187379962559276
0.965783911406177
0.8549788675264867
0.020377614779270945
3.7307816631971505E-4
2.0759323010782746E-4
0.9832606764359653
0.7799141565720723
0.00813120556301978
6.089766792253449E-4
0.001348943268664389
5.429252400416078E-4
2.6892846354797885E-4
1.636027213004791E-4
1.1097038987038542E-4
8.061901161764141E-5
6.142681565211496E-5
4.8478030439425603E-5
0.9900413229778355
0.8795422167846203
0.003073914112160132
0.9654112306760654
0.7674479955091832
0.020919976003660395
3.648455525530732E-4
2.045138872295264E-4
0.9829160623280181
0.8578273751281182
0.008054294396649406
6.100407883037831E-4
2.8946602379943524E-4
1.7250402253771768E-4
0.9844109849402982
0.7770021423391971
0.007301365283617697
6.22299701476922E-4
0.9751901020437856
0.8490700163113702
0.013844463958228689
4.930338195169195E-4
2.518207167305162E-4
1.5530522245760028E-4
1.0611387790617788E-4
0.987111162621744
0.7822607035586471
0.005383965775947237
6.398708745083908E-4
2.9850094427810985E-4
0.9805500522457413
0.8425899611761363
0.009895458802090671
5.751557473591861E-4
0.9761123860319023
9.318571033482892E-12
0.028298626483112512
0.9762756118808422
0.8478285019395299
0.013050479084301356
0.9680461331338768
0.029286764408562573
2.5648838763043326E-4
0.9817086557653913
0.8207793403230476
0.009137762005766253
5.902439259896751E-4
2.834732082255E-4
1.6986697939571298E-4
1.1410598539761949E-4
8.230015982475999E-5
6.2339091456328E-5
0.9895500768050751
0.024036786177165613
0.9732286769358721
0.9153643780114213
0.8432715079198163
0.7630351003937117
0.7906396128106657
0.010377893443255695
5.65459274948425E-4
2.758071526079219E-4
1.664717855676227E-4
1.1231802146297844E-4
8.125954114574776E-5
6.16950271979866E-5
4.853316538200975E-5
3.923495738332001E-5
0.9912516111344363
2.8550696437814286E-11
0.017370040542329813
0.9690798784158325
0.002733082763236751
5.859910214909898E-4
2.8221423156962614E-4
1.6934517998952627E-4
1.1385944974559414E-4
8.218066543490361E-5
0.9881871218403272
0.018429493414311573
0.9702762784504497
0.9074669016124342
0.8328209779657898
0.03777382989631088
1.8316514446215196E-4
0.9839677261083049
0.7974081032563127
0.007563198433932919
6.182335787544936E-4
2.9203686941862257E-4
1.737276436926983E-4
1.1621835897874993E-4
8.360410767357929E-5
6.32147074276109E-5
4.9573037103417995E-5
3.997606598990729E-5
3.295768204039226E-5
2.766398726897211E-5
2.3569106019825183E-5
2.0334258594959623E-5
1.7732933120944366E-5
1.5608877577129703E-5
1.3851397700472525E-5
1.2380249946615717E-5
0.9946511950607245
0.8144130435966794
0.0010281065675653049
0.9716899921644337
0.8117526805896532
0.016546254082686368
0.9700957738884273
0.0016264858392514864
2.843674433322564E-5
0.006188913217930913
0.9642433493725455
0.017874162405709576
4.155828082934457E-4
2.240550173428342E-4
1.4199866412000056E-4
0.0028312730249283437
2.7960020744281886E-4
1.6832617955507483E-4
1.1343583135062129E-4
8.203050057784984E-5
0.9879061978553518
0.8647422273739214
0.004510922531905501
6.368018403785783E-4
2.974316053936636E-4
1.7601959796131268E-4
1.1737237885921836E-4
8.423730147675598E-5
6.357473739060158E-5
4.9775888780445484E-5
4.0082221627725083E-5
0.7986817803010611
0.7417668015174151
3.261401983893469E-5
0.9916683146044226
0.8613769815480394
0.9343663956774122
0.7773327531634884
0.034655289722728744
2.0695750764063053E-4
0.9829117133238512
0.013262736390679835
0.9675376021161177
0.008258721939176712
0.9650638555071125
0.019245225026869425
0.9717308198177923
0.8145529291817503
0.8341310201481946
0.8152540660446993
0.025754453783671583
2.968941386992763E-4
1.7583773528580333E-4
0.9841486290137698
0.8118457592720056
0.8851842357276849
0.020527118457676994
3.706606770597505E-4
2.0661628318771193E-4
1.3325437673902804E-4
0.9859514885521588
0.7633440344582829
0.006235259837145243
0.9639838492749153
0.8635659625904182
0.021482006116542288
3.5579852913956083E-4
2.0065623678709952E-4
1.3023373452657807E-4
9.184668326640336E-5
6.846857427549169E-5
0.9892591068025322
0.03378579250163261
0.9777708396790554
0.004103975855074031
6.320449699348696E-4
2.962752897579629E-4
1.7570015069376496E-4
1.1735509452972762E-4
8.435495796415921E-5
6.376045889536837E-5
0.9891574293042292
0.01245947811604729
5.232769312087561E-4
2.6297901070092896E-4
0.9805254549733933
0.9122704935963055
0.009235446904268993
0.9658299781700391
0.7619384559150211
0.8163284447845958
0.010216156921423938
5.686787901274646E-4
0.9760973217841
0.811581260913695
0.8492548038277151
0.8179523057936366
0.02935621319197114
0.9769896388235011
0.811290229451316
0.012690679874064827
5.169929022359273E-4
2.5998814176762797E-4
1.591669412237631E-4
1.0828569989163175E-4
7.877010649749689E-5
6.003340919158152E-5
4.7357623955930544E-5
3.836459139035171E-5
0.9914320417075344
0.8096363770906501
0.0025957572268089316
5.778585208675898E-4
2.7964939936477875E-4
1.6816396968140902E-4
1.1319878035278624E-4
8.176254796502987E-5
0.9882749591091127
0.8127684054474034
0.004513281230886006
0.9642726397339753
0.815246212065637
0.021516418300250913
0.9730314205335027
0.8137475541273408
0.015580469194490453
4.584294491601242E-4
2.3976029439145741E-4
1.496223657735396E-4
1.0297756312556561E-4
7.549647125657685E-5
5.786453530368953E-5
4.584272502619181E-5
0.9907769227734196
0.8084305320486442
0.0029726643928931085
5.981762202254214E-4
2.859336821747317E-4
1.709872535671421E-4
1.1472543199025799E-4
8.268725031522906E-5
6.260275579458301E-5
4.9138430526328844E-5
3.965205033883755E-5
3.270644538874483E-5
2.7462755107021604E-5
2.3403469944874315E-5
2.019472803016422E-5
1.7613042330392127E-5
0.993836807970041
0.8065145358306249
0.9479760994419784
0.01972424814945088
0.9721494136757283
0.030277485696234813
0.9772712729001723
0.8339332711542325
0.012384907562969793
0.9675828436853058
0.797334023507972
0.01942321238718923
3.8886746701635147E-4
2.1388474754403404E-4
1.369944861612937E-4
9.582875927390729E-5
0.9874255325449246
2.5994941682066797E-6
0.8297038524104625
0.005027032954355684
6.396711902916424E-4
2.983125523965872E-4
1.7643695404470045E-4
0.9841939434775666
0.797653746453292
0.00739831903259
0.9646307491770074
0.8299059076578672
0.8145332730456876
0.8016605817142093
0.021007725457682102
3.6325670152308285E-4
0.9792918943152127
0.8254788496025097
0.010917626096994622
5.541197397187314E-4
2.7210722517247E-4
1.6472144448966122E-4
1.1131044900528357E-4
0.9867860623999758
0.8007689552458992
0.005553699409929035
6.39312411447829E-4
2.9827107078565877E-4
1.7646805610012722E-4
1.1767650905912141E-4
8.447418836647146E-5
6.377524853595144E-5
4.995447649132359E-5
0.9903850193425845
0.01955210651864027
0.9705845278741287
0.921592067540709
0.8349113942698665
0.036945046982881286
0.9801591572779205
0.7965887985010747
0.010379861759883017
5.653882531107719E-4
0.9760375259443235
0.8301106299988301
0.013317635062522405
5.039065187501065E-4
2.555512372937564E-4
0.981841229475753
0.7987275293412697
0.009121277196965568
5.906432612851778E-4
2.836494721169894E-4
1.6998734316491535E-4
1.142045958737451E-4
8.238798324016016E-5
0.9881795525491002
0.823987200642481
0.004535351061327121
0.9643174452898453
0.8051884703737775
0.02151981940774007
0.9729821874509618
0.8231227343555565
0.01557909456706382
0.9695487996677916
0.8066146797307286
0.018060795680907616
4.1229644592022103E-4
2.2283724917480024E-4
1.414160271947042E-4
9.834630877724911E-5
7.261769440767353E-5
5.5950656334768426E-5
4.450573280328819E-5
3.62923882020709E-5
0.991607803586827
0.8139960438605726
0.0024859927708069086
5.707585674864797E-4
2.77412565334814E-4
0.9812324792450771
0.8115946108350542
0.8707957497617209
0.8178061689726316
0.03391203866562262
2.1290484519906686E-4
1.3646947087816725E-4
9.549750014402908E-5
7.081388225606294E-5
5.472882086681432E-5
0.7269588919505157
0.03370102053022163
0.95444632875239
2.9285188885316823E-5
2.487768324114734E-5
2.141493736649388E-5
1.8643133658322787E-5
0.9934199283015406
0.853159021332629
0.947240158996777
0.03078990616041732
0.977753659435699
0.03065478420493968
0.9772877612118007
0.8540437897688247
0.012261762273418396
5.258704933148718E-4
2.628748012172527E-4
0.9817271453095118
0.7804607015121329
0.009261398134983145
5.880221729627675E-4
2.8290749066586573E-4
0.9808998545145968
0.8447344486651874
0.8703318939384839
0.789595281466674
0.7729726682917325
0.8390809341544168
0.012163582975386342
5.279548294855313E-4
2.63579176471033E-4
1.6079270570627718E-4
1.0914908691090052E-4
0.9869356572221908
0.028057637857222702
2.706387815112486E-4
0.9806188197719377
0.005742049289987324
0.9638158836752349
0.870719882106282
0.8134773343105836
0.7728483085347071
0.020730420674747566
3.6777715485876385E-4
0.9790093610671359
0.012454149686295114
5.22206276590158E-4
2.618934341321125E-4
0.9813049326216998
0.011474732006179293
5.428763588716088E-4
2.687523326417496E-4
1.6339884779029048E-4
1.1076011969056469E-4
8.040919573297332E-5
6.122013151423035E-5
4.827562890675323E-5
3.911138757471616E-5
0.9910241681634476
0.8623951840779445
0.002617952449455557
5.79119135349532E-4
2.7996914204560594E-4
1.6825034522109688E-4
0.9845725850044003
1.6887634328752117E-11
0.03343636421265809
0.9781219203490588
0.8852270806037816
0.8599825742314562
0.03625651528299579
1.941509668861547E-4
0.9836882666608815
0.7774094768776239
0.007825247631511269
6.141575462329382E-4
2.908914815744336E-4
1.73280188155811E-4
1.1602722682616636E-4
8.352978647204093E-5
0.9879850165456635
0.8444083528242883
0.004574336296288047
6.373779450982344E-4
2.976197437259398E-4
1.76117006458335E-4
0.9842527155744307
0.029293667434965674
0.9763660985691329
0.007534393774433783
0.9645328274187974
0.01288334873898171
5.129622162859652E-4
2.586310309356351E-4
1.5852979809310457E-4
0.9847697734363073
0.021993064289912975
3.488274075471727E-4
1.9822115991811884E-4
0.982825068614803
0.8848083861527507
0.8817052426204645
0.7665588516612534
0.03569940802218771
0.9792836871763176
0.011124018744321826
0.966381115979009
0.010890164881967401
5.547419464082818E-4
2.7233846456397595E-4
1.6485177464734373E-4
1.1140181817158621E-4
0.9867145922024192
0.814888735060683
0.0055551340288115016
6.392552343644541E-4
2.982185621805646E-4
1.7641733595600992E-4
1.1762700548821415E-4
8.442570826643703E-5
6.372770241808136E-5
0.9894322986567516
0.8078098888264007
0.003787512233360393
0.9645549544091261
0.819687831507405
0.814159624818342
0.8106033830559921
0.020929187397335715
3.644474040985492E-4
2.0420988785013633E-4
0.9832056090949737
0.020682838569052907
0.9720398002196674
0.8793271019814826
0.837015174620785
0.03538995553393767
2.0084876516758183E-4
1.3035201784038211E-4
9.193235296513455E-5
6.853738105725563E-5
0.9891832593004363
0.027443983339097082
2.7804376952089585E-4
0.9801733465594679
0.004220087440172056
0.9639567751477123
0.009671111684280186
0.9658677234275259
0.021656542795479083
3.5325581266437234E-4
1.996840906597038E-4
0.9833542586426236
0.8144867480413548
0.8811756686692164
0.8150382089215631
0.03565073912677293
1.9887257832143916E-4
1.2936775754283822E-4
9.13798074078067E-5
6.820426128191021E-5
5.296731545649206E-5
4.238851420702196E-5
3.473162186453885E-5
2.9004230109794926E-5
2.460420084101608E-5
0.9929084064070173
0.023089060745899042
0.9718815267875358
0.9392524973916379
0.014961834984452747
0.96929660071735
0.7741740794699892
0.8259403539874792
0.012369961883828781
0.967542917231308
0.8040822872763679
0.019429441614332552
0.9717855655667516
0.01878668141135572
0.9713506650847612
0.8335386726199965
0.833353738488861
0.798601917550906
0.7987428242124262
0.017337223170909535
4.253454377198384E-4
2.2774456007442365E-4
1.4383817003223889E-4
9.973722976688493E-5
7.349925698894631E-5
5.6550141552625665E-5
4.4935728790959794E-5
3.6614088293805154E-5
3.0439639584111294E-5
0.9921711404282215
0.8203057476325661
0.0021647358487899746
0.9668544039570957
0.8076563105829591
0.019875131105655287
3.813391734242883E-4
2.1091850394324736E-4
0.9829873238307988
0.8188221646775938
0.008202232600565197
6.075609964399764E-4
2.887689536055871E-4
1.7223526415819518E-4
0.9842951286929387
0.8073509361773576
0.007292544388108607
0.9646424561351497
0.8206494332959982
0.8143904533106685
0.022485883459565304
3.4094654045137306E-4
0.9798036359151292
0.021377189270361113
3.577988691034822E-4
2.0169221908263534E-4
1.3094302127064636E-4
9.240976948656574E-5
6.89538078867524E-5
0.9887716109713262
0.011569030433827092
0.965902671757745
0.0041088913186718016
1.631081495212633E-4
8.413280015611464E-4
3.519608337919771E-4
1.9918039442628558E-4
1.2954722437748473E-4
9.150279393702008E-5
6.82980689710963E-5
5.3044282566163565E-5
4.2454919004542297E-5
3.479094965800241E-5
2.9058550143505833E-5
2.465480950663741E-5
0.9928483334132054
0.816890722244541
0.0018292527799520658
0.9678032704287078
0.8104769084777406
0.01923452621973038
3.9198230618556754E-4
2.1506166501500135E-4
0.9828777887387836
0.8161947924759452
0.8788376174265446
0.8134984051908836
0.03529182456354742
2.0168242070061048E-4
1.308066246000065E-4
9.222171130968812E-5
0.9876924692024864
0.021520506751834836
3.563474740156535E-4
0.9786283062863164
0.005147479035150309
0.9638626029126188
0.8622111707274907
0.02156653582356752
3.54513975048224E-4
2.00135606274236E-4
1.2996838088678928E-4
9.169241644737505E-5
0.9878815054769601
0.7736658689909347
0.9051101722281655
0.854266718980032
0.03775992492940376
0.9805151199718176
0.7819824417548359
0.010158847024814918
0.9659475384269418
0.8454368799020247
0.02032064628528434
3.740073308366223E-4
2.0797004343415544E-4
1.3395840582180993E-4
9.402124133013102E-5
6.985809751435679E-5
0.9891260801128895
0.7841074951307621
0.9132344454965251
0.8437209345623121
0.03763328095067235
1.8413284343442527E-4
1.2168456093666948E-4
8.682443365265748E-5
6.525975702329513E-5
0.9894204116654657
0.9999939107016178
0.9166193323548502
0.5262275070369098
0.038002451465411674
4.845869336840113E-4
3.191410691847784E-4
2.2721785770778624E-4
1.7051014652278508E-4
0.9772344715316663
1.0440354681049253E-11
1.0142612524224762E-4
7.502845980500624E-5
0.9876657822766984
0.9119076029054163
0.9121251661672416
0.037653074836788654
1.8394076149044598E-4
1.2155959087471212E-4
0.9864667175244359
0.759950339213225
0.005882235221510559
0.9638779423215644
0.010173683728095477
0.9661595653467907
0.8125794144233238
0.8180578583684214
0.020564537931813093
3.7017210376296566E-4
0.9792397199268199
0.8102398160995338
0.011018435098541982
5.520606473965928E-4
2.714767813431232E-4
0.9813542375942315
0.8162320013795408
0.00941926096513996
5.847521181898027E-4
2.817837051399575E-4
0.9811314524621326
0.810681096554924
0.8703017829855579
0.8186609154664151
0.03382094096931891
2.1367026888143974E-4
1.3685102417591998E-4
9.571616969943836E-5
7.095100547555933E-5
5.482039259857567E-5
4.3698978640944996E-5
0.9909747738472613
0.8050397558781854
0.0028677097041380755
5.931074493940409E-4
0.9757338267633988
0.019529967416770218
0.9716910779926867
0.01375652676916881
4.949992721812246E-4
0.97700671792932
0.016759159832464697
0.969992226936498
0.01275825738206074
5.156306410149969E-4
0.9767366003173752
0.8276335075857438
0.01281135627105004
0.005345690272078925
0.9540539087641475
0.9122970828581504
0.026750323643694725
2.846662519981643E-4
1.7034786913323603E-4
1.1432155761082692E-4
8.239345893735158E-5
6.236817278331811E-5
4.89390433340708E-5
3.947525362097722E-5
0.9915284587092265
0.7563399876827295
0.0026597315598814756
0.9653960124940504
0.009720405880701463
0.965877247369902
0.02073559809127149
3.674820160367995E-4
2.054214447950876E-4
1.3270784272187332E-4
9.332794720936855E-5
6.944554866752162E-5
5.380971239781284E-5
4.298800559684342E-5
0.9910141822725573
0.8098362106872967
0.0028315025573164877
5.912401151643815E-4
2.838011378318856E-4
1.700302410975367E-4
1.1420733339776016E-4
8.237253022071011E-5
0.9882400020160896
0.021443469924531607
0.9720158200809137
0.004655961272322138
6.381688043693073E-4
0.975093059287926
0.8363566391892876
0.013983685698304264
4.902143162125056E-4
2.508663732111784E-4
1.5486769257711344E-4
1.0588052787467234E-4
7.726955402941639E-5
5.9022483201791694E-5
4.663603838878221E-5
3.7825561096107095E-5
0.9915732662703087
0.7883910313394513
0.002570847137640513
0.9658180177976535
0.8379212169879944
0.02043999224638269
3.721081047521264E-4
2.0722479815285402E-4
1.3358865807231221E-4
0.985835920079305
0.7915674887281723
0.8936968580561463
0.01597946499178024
0.9699687178481424
0.03737752420532122
1.8607160565067854E-4
1.227577007098304E-4
8.750775581158735E-5
6.573973661673037E-5
5.1303720557835986E-5
4.121549630310079E-5
3.3876387288038545E-5
2.8364119789276468E-5
2.4114996596728604E-5
0.9929086543384162
0.8180264540480431
0.0017964440092494236
5.103601588147237E-4
2.577474124360681E-4
0.9817440545577351
0.8075544369759604
0.873079481557806
0.8215707266276877
0.034330958907354915
2.0940442564164178E-4
0.9830922140419414
0.8070873916214061
0.008169750884758438
0.9650286247387811
0.820968102350057
0.021016665417256466
3.6304906302293285E-4
2.0362945056420152E-4
0.9832701063291875
0.8067106887522107
0.008040717183134372
6.103924975309999E-4
2.8965257057962727E-4
1.7264947713173493E-4
0.9842251772438326
0.02008788763719103
0.9716318595587653
0.884625159508964
0.8359091714200669
0.036153172033469086
1.9497023372861E-4
1.2733576559052672E-4
9.016809495796027E-5
6.741226406748919E-5
0.9892533575686444
0.7922506466326846
0.9143269652743696
0.8356761629818763
