-0.2118476399470972
1.3439893261194353
-0.1646911155479147
-0.007438716280107949
-0.2504814824767665
-1.1911121698908003
-0.32622727341291413
-0.6344836331741468
-0.6764106570744692
0.2896692433118093
0.05407520000334775
-0.5139295226420585
-0.8347657297089024
-0.5984334969952745
-0.016144378971462328
-1.036833968717413
-0.9237441201040559
0.5827829666605477
-0.38147962977507743
0.261682316212155
0.6643284047838816
0.8534260546393666
-0.38171841644421467
-0.33998884719648303
-0.7162902797326289
-0.07306383461540977
-0.8892338654468763
-0.3148489271476933
0.8605948526467946
-0.470444365275271
0.24644666808535365
-0.8432260477831584
0.21546185541526164
0.6718709675016237
0.8003186762328602
-0.9762297609583805
-0.23115901451329623
0.6904943655672355
0.23972943249678513
-0.22930679779963525
