-0.28892614515994375
0.692158850920143
0.3129183548774354
0.5578556448806047
-0.17506950470869992
-0.7069046770591426
-0.07965572888777968
0.010145342407926368
-0.49167911229184913
0.6978540121263311
-0.3098513173849151
-0.04451966793999176
-0.7321216881779128
-0.4533563713987749
-0.04489818178163971
0.42508492463840136
0.33090648318916616
0.21632985029551943
0.4599625832589003
-0.3219999589478062
-1.0341894003793723
-0.862722811853037
-0.13409386057512457
0.05138218511125853
-0.4303372516313305
0.43834013544639255
0.2051741092037319
-0.7376546346939192
-0.09334646397126803
-0.7484595608129347
-0.46818096650975694
-0.2032615795213381
-0.8239069858141526
0.6987277423696955
0.8049961169011651
0.5575033120991364
-0.30476951385681267
0.7209713488398938
-0.3625253267477421
0.6747876940731439
-0.7548132574356594
-0.14101568004960024
0.22396914673479368
0.14744107179916477
-0.8897689354257504
0.5786183735104904
-0.8875369994350439
-0.40346244823652017
-0.501088390730875
0.5579708115027753
0.5425847205328053
0.5500814004529814
0.07879720393032713
0.21579545928919786
-0.13653116970203016
-0.7380384389532112
-0.7046924400180352
-0.02846391272994485
-0.3614205479640356
0.10251373724657814
0.17475106576482102
0.10854162987254282
0.39947604186460706
0.42796884286717796
0.2598522398795587
-0.249007124470468
