0.435240326201662
-0.7518452381112891
0.5875765855655865
-0.053812138114272406
0.98759046592392
0.5125767841875176
-0.7382995023304482
-0.2621274535504404
-0.200238275097147
-0.0779196395901717
-0.12182108140974221
0.05501842399566818
-0.14987616911625964
0.4320860777104152
0.05723536798136534
0.44463261493617734
-0.47253062623978304
-0.7688510286617114
0.2502434641862221
0.5315740977187927
-0.9947182192379265
0.889876742333625
0.7588638108265983
-0.5021723500596503
-0.6038169098879554
0.673000843843193
-0.9895436738255285
-0.41336171067056027
-0.22068509262822603
0.39810041753402037
-0.1075126712951451
0.5283523735878849
-0.07546377459874135
-0.5764591280825798
0.9171306265175531
-0.532812008178425
0.2555486278513259
-0.23214393472768416
0.5106232908178338
0.7773564092003028
0.14164531743640008
0.37204527330754444
-0.4553265470455694
-0.28421881332081933
-0.6238120069688583
-0.34014545735964585
-0.39467529919740174
0.18208910370836429
-0.3277681438903346
-0.1890013249396381
-0.2520221690373342
-0.954678974543949
0.41813255113796877
0.8917345569170104
-0.622138846419413
0.03886706257189705
0.5018374021308708
-0.28354312533791637
-1.103210680536525
0.2852426229797743
-0.18155610450588525
0.07376366346987469
0.017020352188985663
-0.1917032072167161
-0.01905024674203605
-0.153733192928752
-0.667918822236481
-0.38385849921080784
0.045700123346514944
-0.08838356668093297
0.5081517658802938
0.458078908077841
0.25653866851073137
-0.2605391339398383
0.8056528112213063
-0.19331725775428002
0.5385692670329926
-0.640677824136142
0.2923690435954951
-0.8371532868612523
-0.4873615508499938
-0.1650727340816194
0.03059994490052402
0.15990963694315885
-1.8102524777446463
0.7451969512908209
-0.7581664339994713
0.100069346571964
-0.8937885131302274
1.030873439067545
-1.814157396184671
0.635739172893158
0.14566904104713657
-0.049658176356019185
-1.2129193153074307
0.17607043991634364
0.5987407800203912
0.07455358604275268
0.3758797555621919
-0.41779804940437093
-0.6912860592596137
0.1023077065493765
-0.3473135238867894
0.08334019736218232
-0.2798487885851153
0.15115047946063578
0.24876954809980772
0.38920917061445637
-0.1536959887851402
0.02379880326819743
-0.1157569521317444
-0.6500499472979474
-0.18724298452332114
0.8276067659465135
0.6320248818951334
0.8537330366285117
-0.6228840827381538
0.5133414704758954
-0.6105728635478981
0.9613464041566256
0.5681562285517681
0.3521009450952963
0.5044690236191375
-0.0800493205404635
-0.8155587249018362
-0.6614175557675358
0.5300866787072619
-0.6571196046842348
-0.17489042843535854
0.2259858395067331
0.0067332054579725825
0.4234139139669595
0.11851396826072383
-0.49686684966906713
0.3384017205735381
-0.3135584177471037
-0.5471390937030913
-0.3260204843751221
-0.7843276905142526
0.1707671167457486
0.6177181479030961
0.6506358623486811
-0.2725570726544817
-0.12140599054972494
-0.5075292001660299
-0.211654609244907
-0.4661431190555786
0.2706516000810858
-0.45151070486282574
-0.7394947743591992
0.5164423056951138
0.2506289387797084
0.682175506978873
0.7349125460087137
-0.8270084630773972
-0.0498284212401376
0.5879648404260832
-0.46864139779726854
0.950110665888152
-0.02950371748577428
0.031729571794248373
0.30965953292792525
-0.5553588816401911
-0.10903170255610216
0.053848695133006025
-0.19610877555954345
-0.4291406933313352
-0.4593944834170638
0.12133113603753529
0.19977424314546963
0.8934773594370483
-0.6451345937081233
0.6020820730471216
0.11610722347778576
-0.3150187031631251
-0.11728057957325676
1.0099485503242465
-0.7039055178447605
0.8204839836641241
0.13657124800426546
-0.6955717712932877
0.46436332704240435
0.18978849792223237
-0.27869339553964134
1.9953349907460267
0.16683520629176637
-0.6090988580002553
0.2108275850424016
0.9385792389219001
0.02768048755205424
1.9230316090714283
-0.6568768349940449
0.49300049374288357
0.5741952621939174
0.7367005905121586
0.35328707475844245
-0.5641072335910737
0.3693295399253036
-0.01238948518757739
-0.08924695656828474
0.6069269039911406
0.5842285694145414
